чётные
x = [100, 200, 300, 400, 500, 600, 700, 800, 900, 1000]
y1 = [0.024, 0.170, 0.527, 1.476, 3.162, 5.463, 9.451, 14.027, 18.884, 26.829]
y2 = [0.014, 0.106, 0.386, 0.961, 2.055, 4.036, 6.788, 9.366, 14.120, 18.049]
y3 = [0.009, 0.075, 0.290, 0.642, 1.296, 2.314, 4.836, 5.860, 11.594, 13.348]

нечётные
x = [101, 201, 301, 401, 501, 601, 701, 801, 901, 1001]
y1 = [0.020, 0.158, 0.536, 1.337, 2.807, 4.945, 8.353, 13.452, 18.569, 26.865]
y2 = [0.013, 0.108, 0.393, 0.954, 1.835, 3.405, 5.441, 9.147, 14.258, 21.295]
y3 = [0.009, 0.072, 0.246, 0.604, 1.253, 2.124, 3.573, 5.968, 9.550, 16.106]
