обратный
x = [100, 200, 300, 400, 500, 600, 700, 800, 900, 1000]
y1 = [94.97, 430.85, 756.08, 1566.99, 2425.09, 3417.56, 4512.78, 5886.49, 7473.29, 9070.99]
y2 = [40.37, 138.77,  342.28,   613.07,   918.80,  1242.70,  1742.92,  2448.24, 2983.23, 3681.87]
y3 = [6.40, 13.17, 20.99, 34.24, 45.05, 49.46,  51.72, 68.06, 85.06,  89.79]

прямой
x = [100, 200, 300, 400, 500, 600, 700, 800, 900, 1000]
y1 = [1.07,  2.02, 2.78, 3.41, 4.25, 5.07, 5.92, 6.77, 7.97, 7.16]
y2 = [37.53, 149.26, 346.79, 603.28, 900.45, 1279.26, 1812.68, 2395.87, 2965.90, 3553.72]
y3 = [6.10, 13.07, 19.63, 26.39, 44.86, 41.92, 55.55, 63.59, 81.32, 84.51]


произвольный
x = [100, 200, 300, 400, 500, 600, 700, 800, 900, 1000]
y1 = [78.83, 291.00, 665.56, 1160.13, 1819.05, 2630.66, 3494.18, 4617.10, 5990.72, 7337.07]
y2 = [44.63, 184.57, 365.30, 610.15, 910.41, 1284.73, 1806.15, 2393.96, 3002.44, 3626.99]
y3 = [7.61, 17.25, 27.60, 57.50, 76.51, 84.09, 132.21, 172.39, 180.78, 227.67]