0 9
1 8
2 9
3 7
4 9
5 8
6 9
7 10
8 6
9 9
10 8
11 9
12 7
13 9
14 8
15 9
16 10
17 5
18 9
19 8
20 9
21 7
22 9
23 8
24 9
25 10
26 6
27 9
28 8
29 9
30 10
31 7
32 9
33 8
34 9
35 10
36 4
37 9
38 8
39 9
40 7
41 9
42 8
43 9
44 10
45 6
46 9
47 8
48 9
49 7
50 9
51 8
52 9
53 10
54 5
55 9
56 8
57 9
58 7
59 9
60 8
61 9
62 10
63 6
64 9
65 8
66 9
67 10
68 7
69 9
70 8
71 9
72 10
73 3
74 9
75 8
76 9
77 7
78 9
79 8
80 9
81 10
82 6
83 9
84 8
85 9
86 7
87 9
88 8
89 9
90 10
91 5
92 9
93 8
94 9
95 7
96 9
97 8
98 9
99 10
100 6
101 9
102 8
103 9
104 10
105 7
106 9
107 8
108 9
109 10
110 4
111 9
112 8
113 9
114 7
115 9
116 8
117 9
118 10
119 6
120 9
121 8
122 9
123 10
124 7
125 9
126 8
127 9
128 10
129 5
130 9
131 8
132 9
133 7
134 9
135 8
136 9
137 10
138 6
139 9
140 8
141 9
142 10
143 7
144 9
145 8
146 9
147 10
148 2
149 9
150 8
151 9
152 7
153 9
154 8
155 9
156 10
157 6
158 9
159 8
160 9
161 7
162 9
163 8
164 9
165 10
166 5
167 9
168 8
169 9
170 7
171 9
172 8
173 9
174 10
175 6
176 9
177 8
178 9
179 10
180 7
181 9
182 8
183 9
184 10
185 4
186 9
187 8
188 9
189 7
190 9
191 8
192 9
193 10
194 6
195 9
196 8
197 9
198 7
199 9
200 8
201 9
202 10
203 5
204 9
205 8
206 9
207 7
208 9
209 8
210 9
211 10
212 6
213 9
214 8
215 9
216 10
217 7
218 9
219 8
220 9
221 10
222 3
223 9
224 8
225 9
226 7
227 9
228 8
229 9
230 10
231 6
232 9
233 8
234 9
235 7
236 9
237 8
238 9
239 10
240 5
241 9
242 8
243 9
244 7
245 9
246 8
247 9
248 10
249 6
250 9
251 8
252 9
253 10
254 7
255 9
256 8
257 9
258 10
259 4
260 9
261 8
262 9
263 7
264 9
265 8
266 9
267 10
268 6
269 9
270 8
271 9
272 10
273 7
274 9
275 8
276 9
277 10
278 5
279 9
280 8
281 9
282 7
283 9
284 8
285 9
286 10
287 6
288 9
289 8
290 9
291 10
292 7
293 9
294 8
295 9
296 10
297 1
298 9
299 8
300 9
301 7
302 9
303 8
304 9
305 10
306 6
307 9
308 8
309 9
310 7
311 9
312 8
313 9
314 10
315 5
316 9
317 8
318 9
319 7
320 9
321 8
322 9
323 10
324 6
325 9
326 8
327 9
328 10
329 7
330 9
331 8
332 9
333 10
334 4
335 9
336 8
337 9
338 7
339 9
340 8
341 9
342 10
343 6
344 9
345 8
346 9
347 7
348 9
349 8
350 9
351 10
352 5
353 9
354 8
355 9
356 7
357 9
358 8
359 9
360 10
361 6
362 9
363 8
364 9
365 10
366 7
367 9
368 8
369 9
370 10
371 3
372 9
373 8
374 9
375 7
376 9
377 8
378 9
379 10
380 6
381 9
382 8
383 9
384 7
385 9
386 8
387 9
388 10
389 5
390 9
391 8
392 9
393 7
394 9
395 8
396 9
397 10
398 6
399 9
400 8
401 9
402 10
403 7
404 9
405 8
406 9
407 10
408 4
409 9
410 8
411 9
412 7
413 9
414 8
415 9
416 10
417 6
418 9
419 8
420 9
421 10
422 7
423 9
424 8
425 9
426 10
427 5
428 9
429 8
430 9
431 7
432 9
433 8
434 9
435 10
436 6
437 9
438 8
439 9
440 10
441 7
442 9
443 8
444 9
445 10
446 2
447 9
448 8
449 9
450 7
451 9
452 8
453 9
454 10
455 6
456 9
457 8
458 9
459 7
460 9
461 8
462 9
463 10
464 5
465 9
466 8
467 9
468 7
469 9
470 8
471 9
472 10
473 6
474 9
475 8
476 9
477 10
478 7
479 9
480 8
481 9
482 10
483 4
484 9
485 8
486 9
487 7
488 9
489 8
490 9
491 10
492 6
493 9
494 8
495 9
496 10
497 7
498 9
499 8
500 9
501 10
502 5
503 9
504 8
505 9
506 7
507 9
508 8
509 9
510 10
511 6
512 9
513 8
514 9
515 10
516 7
517 9
518 8
519 9
520 10
521 3
522 9
523 8
524 9
525 7
526 9
527 8
528 9
529 10
530 6
531 9
532 8
533 9
534 7
535 9
536 8
537 9
538 10
539 5
540 9
541 8
542 9
543 7
544 9
545 8
546 9
547 10
548 6
549 9
550 8
551 9
552 10
553 7
554 9
555 8
556 9
557 10
558 4
559 9
560 8
561 9
562 7
563 9
564 8
565 9
566 10
567 6
568 9
569 8
570 9
571 10
572 7
573 9
574 8
575 9
576 10
577 5
578 9
579 8
580 9
581 7
582 9
583 8
584 9
585 10
586 6
587 9
588 8
589 9
590 10
591 7
592 9
593 8
594 9
