0 4
1 5
2 3
3 5
4 4
5 5
6 2
7 4
8 5
9 3
10 5
11 4
12 5
13 1
14 4
15 5
16 3
17 5
18 4
19 5
20 2
21 4
22 5
23 3
24 5
25 4
26 5
27 6
28 5
29 6
30 4
31 6
32 5
33 6
34 7
35 3
36 6
37 5
38 6
39 4
40 6
41 5
42 6
43 7
44 2
45 6
46 5
47 6
48 4
49 6
50 5
51 6
52 7
53 3
54 6
55 5
56 6
57 7
58 4
59 6
60 5
61 6
62 7
63 1
64 6
65 5
66 6
67 4
68 6
69 5
70 6
71 7
72 3
73 6
74 5
75 6
76 4
77 6
78 5
79 6
80 7
81 2
82 6
83 5
84 6
85 4
86 6
87 5
88 6
89 7
90 3
91 6
92 5
93 6
94 7
95 4
96 6
97 5
98 6
99 7
100 4
101 3
102 4
103 5
104 2
105 4
106 5
107 3
108 4
109 5
110 1
111 4
112 3
113 4
114 5
115 2
116 4
117 5
118 3
119 4
120 5
121 5
122 6
123 4
124 6
125 5
126 6
127 3
128 6
129 5
130 6
131 4
132 6
133 5
134 6
135 2
136 5
137 6
138 4
139 6
140 5
141 6
142 3
143 6
144 5
145 6
146 4
147 6
148 5
149 6
150 1
151 5
152 6
153 4
154 6
155 5
156 6
157 3
158 6
159 5
160 6
161 4
162 6
163 5
164 6
165 2
166 5
167 6
168 4
169 6
170 5
171 6
172 3
173 6
174 5
175 6
176 4
177 6
178 5
179 6
180 4
181 3
182 4
183 2
184 4
185 3
186 4
187 5
188 1
189 4
190 3
191 4
192 2
193 4
194 3
195 4
196 5
197 4
198 5
199 3
200 4
201 5
202 2
203 4
204 5
205 3
206 4
207 5
208 1
209 4
210 5
211 3
212 4
213 5
214 2
215 4
216 5
217 3
218 4
219 5
220 4
221 5
222 3
223 4
224 5
225 2
226 4
227 5
228 3
229 4
230 5
231 1
232 4
233 5
234 3
235 4
236 5
237 2
238 4
239 5
240 3
241 4
242 5
243 4
244 5
245 3
246 5
247 4
248 5
249 2
250 4
251 5
252 3
253 5
254 4
255 5
256 1
257 4
258 5
259 3
260 5
261 4
262 5
263 2
264 5
265 4
266 5
267 3
268 5
269 4
270 5
271 4
272 3
273 4
274 5
275 2
276 4
277 5
278 3
279 4
280 5
281 1
282 4
283 5
284 3
285 4
286 5
287 2
288 4
289 5
290 3
291 4
292 5
293 3
294 2
295 3
296 4
297 1
298 3
299 2
300 3
301 4
302 4
303 3
304 4
305 5
306 2
307 4
308 3
309 4
310 5
311 1
312 4
313 3
314 4
315 5
316 2
317 4
318 3
319 4
320 5
321 1
322 4
323 5
324 3
325 4
326 5
327 2
328 4
329 5
330 3
331 5
332 4
333 5
334 1
335 4
336 5
337 3
338 5
339 4
340 5
341 2
342 4
343 5
344 3
345 5
346 4
347 5
348 5
349 4
350 5
351 6
352 3
353 5
354 4
355 5
356 6
357 2
358 5
359 4
360 5
361 6
362 3
363 5
364 4
365 5
366 6
367 1
368 5
369 4
370 5
371 6
372 3
373 5
374 4
375 5
376 6
377 2
378 5
379 4
380 5
381 6
382 3
383 5
384 6
385 4
386 5
387 6
388 3
389 2
390 3
391 4
392 1
393 3
394 4
395 2
396 3
397 4
398 3
399 2
400 3
401 1
402 3
403 2
404 3
405 4
406 5
407 6
408 4
409 6
410 5
411 6
412 3
413 6
414 5
415 6
416 4
417 6
418 5
419 6
420 2
421 6
422 5
423 6
424 4
425 6
426 5
427 6
428 3
429 6
430 5
431 6
432 4
433 6
434 5
435 6
436 1
437 6
438 5
439 6
440 4
441 6
442 5
443 6
444 3
445 6
446 5
447 6
448 4
449 6
450 5
451 6
452 2
453 6
454 5
455 6
456 4
457 6
458 5
459 6
460 3
461 6
462 5
463 6
464 4
465 6
466 5
467 6
468 1
469 3
470 4
471 2
472 3
473 4
474 1
475 3
476 4
477 2
478 3
479 4
480 5
481 6
482 4
483 5
484 6
485 3
486 5
487 6
488 4
489 6
490 5
491 6
492 2
493 5
494 6
495 4
496 5
497 6
498 3
499 5
500 6
501 4
502 6
503 5
504 6
505 1
506 5
507 6
508 4
509 5
510 6
511 3
512 5
513 6
514 4
515 6
516 5
517 6
518 2
519 5
520 6
521 4
522 6
523 5
524 6
525 3
526 5
527 6
528 4
529 6
530 5
531 6
532 5
533 4
534 5
535 6
536 3
537 5
538 6
539 4
540 5
541 6
542 2
543 5
544 6
545 4
546 5
547 6
548 3
549 5
550 6
551 4
552 5
553 6
554 1
555 5
556 4
557 5
558 6
559 3
560 5
561 6
562 4
563 5
564 6
565 2
566 5
567 6
568 4
569 5
570 6
571 3
572 5
573 6
574 4
575 5
576 6
577 2
578 1
579 2
580 3
581 3
582 4
583 2
584 3
585 4
586 1
587 3
588 4
589 2
590 3
591 4
592 2
593 1
594 2
